2291930770
1941239741
1238055392
1601129493
5495344755
2658794464
2095867065
2905841084
3164943400
5565866725
1904165207
2610812495
2951530335
3888723882
1999463485
1869662987
3603884851
5613049023
1915944963
2175125480
2289728177
2617471725
1761226132
5305110752
6069402055
1097725780
5613261330
7336956078
1757106415
5843438059
2668810401
2705877653
3234744067
6346969189
6414970809
6481383723
6486596228
1834872700
7533047966
2950833475
1661654954
2800956757
1093162884
1771607002
1673559313
6009143762
7334361629
2289202514
2703250561
5362294794
6889531721
3285667655
6436303213
5795406778
3025599457
3032682107
6074410499
5662888275
2640235295
2769728843
5646171064
5093278477
3947197087
2958050695
1761094694
2480583081
5885074962
3316196091
2563747953
2032361797
1761211544
2113789070
3244591773
2737347743
2612047797
6629740812
1761284540
1425467335
3312504185
5926367215
3465541430
2407130584
5944502329
2502464093
2829003283
5752861083
7310644103
5602099413
6552594300
6085762546
5149717192
3501766535
5078286654
1954243791
6759783340
5872835747
2514331214
3261878605
3151353772
2796860534
3969636233
2094904685
2138690105
1045413062
5868229069
1463468120
1766144017
2382718947
1601466060
2249248682
1401346791
2652403363
5991715619
2968950202
6657423694
7529627328
5584769871
3891567393
2558096184
7242472152
3110773263
2263376740
2764428657
2966129082
2512388340
6065925569
2350750045
1761224210
6850485333
5890193856
7325651418
2275827293
2017213215
2936132874
2686393521
2136720295
2342178422
5993505570
1826463242
2407913700
5110758252
2653953652
3732707565
2004415621
7378287057
1094570663
2131846122
1854874137
6047540385
1975213721
2291930770
1941239741
1238055392
1601129493
5495344755
2658794464
2095867065
2905841084
3164943400
5565866725
1904165207
2610812495
2951530335
3888723882
1999463485
1869662987
3603884851
5613049023
1915944963
2175125480
2289728177
2617471725
1761226132
5305110752
6069402055
1097725780
5613261330
7336956078
1757106415
5843438059
2668810401
2705877653
3234744067
6346969189
6414970809
6481383723
6486596228
1834872700
7533047966
2950833475
1661654954
2800956757
1093162884
1771607002
1673559313
6009143762
7334361629
2289202514
2703250561
5362294794
1761104330
5479172256
2645141251
1603099244
1624771795
2769915605
1919067687
1854890321
2505705471
6259568916
6478608600
3139452765
2331505261
6567867068
1730471230
1707164254
5168299272
2450159234
2241645062
1826782281
5901683565
5789204278
5734301234
7270662233
7151708953
5819539284
1989046061
2884171382
3547335682
2120971032
1761260592
1705573917
6188088334
3650642327
2698386044
2029558192
2285676684
1965945391
6166127769
2716638364
5887532271
2645590182
5283933015
6366184503
1662272824
2761796793
1741383400
1158424827
2011595770
5643552811
5897843412
2105554181
2615010667
2816076657
3022104652
5627571353
1737062565
6189048603
2686886401
2857400274
1855345451
2574537762
6367754983
1060877854
7418379048
2992014907
2390455807
1400870064
2371456257
1761256850
5874571695
3078449410
5431073240
5606738154
2103138652
1465691114
1989780137
2736813093
5380819147
2230627284
3506821590
7319041594
6548582343
6086159201
1761224990
2149780667
1880939110
1699912800
6064471710
2244332531
2273882175
1733542807
1017099575
5146097477
2842646421
7057398265
1761218472
2685127271
2813086807
3273539687
2732769277
1657600660
6074664918
5578430061
3198945273
2177918743
6018408087
1901684117
2352129955
2094303710
3281852262
3176906757
2504070527
1497627377
2071923255
6963388977
3172748142
5233305646
5287702752
6347804188
7049571637
7316109003
1594204055
5342297629
6205901780
2794322862
2080406565
5663751742
2143245877
1812648107
2855443312
2585042240
3147539061
2887660744
1928836010
3166580023
7487059787
1045357421
2693317265
2389290977
5655417599
2978064521
1223056407
2698437331
2123096604
2044320135
6400891890
6427861821
2264823475
2214396174
3116938065
3227184530
2669290660
5127742844
2164090585
2562690012
7459514859
6288491353
6150494706
1975275065
1925962850
2883542061
5859979477
2689054625
2671540401
2701423864
1968786891
6062644825
5122294334
7372141776
1948037167
1045293985
5865471083
1064695695
3607526514
1959356372
2390641421
1934315810
7482883577
6170352718
6401341621
1807828320
2349346537
3758753080
1853393217
1685035397
6034085744
2234526103
6536060371
2192893807
6711756101
1563759665
7133541122
6071945998
3224477444
3185855500
1933418933
5774305883
2564684277
5014364431
2377240510
5872795062
2272739381
7275080559
6324983615
3649131095
1850305584
1902685497
2528663363
2844116205
2189305787
2137805440
2287160790
6196927642
7468114309
7430506194
7424374527
3457501550
6020970508
5147494645
3273567427
2926580117
5898486529
2743187682
7212399083
6713653684
3844534667
6572245361
5980423965
6462803086
6402988600
7490370093
7047734029
2645072833
5820352821
2395792265
7518970306
6961014084
2806847967
6099868675
6390448519
5415520943
6083930003
6324487747
6104002891
3129719792
6530206708
6243353237
6037317362
5248774299
6232841724
6146017073
3325351230
3696873445
2547341975
5728219902
6873428353
2451471170
5894921245
1761191670
2743725681
2670859093
2193563071
1892173657
7502449237
5547632442
1659545727
2641481733
2191808121
3238942703
2532764732
2629891513
5402665110
6077293995
2840915383
1847672673
1910643433
1686146104
1824946807
5925006845
2273978247
2081516687
3024553731
2646864973
6517065621
2013635982
2382066470
3477462775
2020819247
2033324575
6419185184
3297751981
7073424546
1061914184
2641991662
2197213917
2887068151
2558602055
3217785203
1660487237
2684132553
1761254872
2140744425
2712880581
1647246450
2677435501
2895622511
5616565881
2230271954
5762337381
7461283455
1869481501
2045861955
5887873609
2003067862
1761280564
1761240850
1822148361
3125003007
7243857353
6384885783
2514598097
3609448541
3108374917
2708485530
3148724352
7332745869
1881265961
1722724022
5711640647
2395523775
1912295105
2414946827
6599667478
2125749657
1725362345
2029542555
2517217714
1983694423
5186502706
6664794913
2399161011
2397549451
3172097585
1858910960
2710184100
6916769150
7332958028
5580303485
6706250503
7225043685
1590135525
2151378227
1944602297
5505809194
1639834247
7501022812
5913809242
6092516878
7473365524
7530039208
5957713964
3102503925
1935307970
6450743124
3984610880
1908480485
5445954245
6311264436
5619056984
1994195740
1574579290
6015942193
7518718125
1698481794
6232031028
5967976469
7357816979
7182709150
2061515495
1227887331
2763112205
7469280029
2719371014
1612191525
1927633355
1953171465
7367223817
1965386102
1948048304
1347975327
1779240737
2713839130
2233645982
2754649160
2425584035
3479793250
5063824378
1953549005
2638082202
2740953663
7323451596
2640473891
2140676681
5093116965
5576501369
3208870054
3285691941
6132084942
1244734092
1403122264
6376325189
6050505537
2637458990
6625197188
7155929078
1606813992
3196193404
1580911735
7464283042
5710997034
2300311265
1999372187
5743514774
3810339699
3809221503
6527098635
7434834328
5778604305
1827305564
3863120941
3938993723
6254925910
5363923250
5974372059
6293840211
7475399052
2191829005
1851058131
7415300870
7165545276
1658305804
1770740767
5041088397
3804978591
5290094820
6011207512
2522527362
6333675623
6571203186
2004546487
7345024613
2944971287
6222628246
7366653784
5360817528
3033036324
1013925310
1901119141
7325944715
1553609667
1805224523
5739379819
1632217182
1883549295
2947128145
7228656457
2255279400
5041929208
1615150923
2487764995
2290089617
5262206577
3732829522
2439835894
2710057144
2522453342
1786870280
1945285457
5232506589
1613500520
2620908413
2947619250
6202764432
7458580790
6568353535
6399533398
1961681792
7482521163
2405195993
5675014756
7511451572
1238000471
2717262704
6368821909
7059807316
5873029209
3418645964
2608976164
1651224923
5225359624
1764595394
2792699135
7517251100
2648007524
6317763512
5820082568
5397895103
7506917248
2612186365
6597501169
6324201234
2219785055
1027581812
5445861604
2152513687
1959945341
3288110445
7328035402
3247689585
7396256655
5993040850
3794311194
6389707134
1624536893
5400454879
3245213821
6939383923
6447989703
2369792411
2259010577
1071565093
2616911895
1421380743
7507209235
2751460831
6526834312
1764029614
2085787075
5677281425
6577779406
6086384181
2672630391
1878381004
1665362124
5838173144
2860527704
3286493653
5038693961
5657600240
3063944001
1045393903
5718771321
2133169782
6071427774
6861942387
6217722590
2695529205
7342890838
6523291191
6320039953
5338310681
5773617329
6349348624
5782280783
3962436154
5783118330
6574248545
1803769927
6569333230
6082400207
7364901897
7084264844
2616971141
7364427332
5880392801
7487986940
5974142827
2860745185
2708662480
1995076567
1761244652
5483812097
1406044533
1840535912
2904356205
5647718905
1776860971
2012552492
2995151680
6366883350
2427253103
5512665868
5384118715
7382445362
6587091656
5728910104
5773962779
6510895730
6296148263
5605806802
2673557631
1864621607
1729109650
6372045512
6045497203
6754454298
2099020591
5314934596
6133430580
6421073761
6066259727
2437625715
5953681671
7351036806
5596735472
6840046669
7350030542
6070889918
2939725751
6029152840
3236793107
1956964751
3655567191
2732897401
2367516275
1779191863
3538806277
2674939731
2020915075
2087333671
1621369443
1812608455
1977249563
2851096650
1834279785
2145860847
1626196742
2377689017
5529615276
5874260345
5712179966
6529494489
2979191593
6449915485
1912279271
5381874960
2139966305
2553255473
3171521092
1654447724
3762471615
6716185182
7156677099
1859225840
6698895694
6014199311
2709786121
5411876183
1727259065
7312543626
6852508333
5470303403
2608328367
3079060121
6198574577
3196347034
1140221391
1739629353
2628861685
6210216545
1045523447
2648909654
6390416042
2952095061
2618348367
2496352074
2520356572
5492078743
6197084923
2654219753
2095859620
1827133937
3174328627
2941591430
6572233981
6055135707
1773760133
5379134036
2272930370
2536203680
6264845418
6660351799
5808006570
2747907817
5760109888
7351808192
1212690257
3502919882
7352458175
2234979403
2781653020
7338970021
5908145905
2536315920
1717377400
2204190545
5824370498
6229925193
6694473661
7338601957
7471825661
5036557303
3866646654
2399405665
6535710095
5032211279
1827589327
2312770527
5320339209
2106268982
1902619375
3848478939
7293801489
5675314265
7205849818
1911631505
1899123663
2739630287
2106758747
1639025444
6508274046
6962999473
2187104073
2082981677
5871797872
6498421800
2838632070
7357724391
2506056915
2185747455
3763500152
2141541367
6047768785
3609711685
1583946620
1884873920
6159260084
5226306917
1752167391
5847751212
2155356477
2106645423
5797755926
1955114057
2681303165
3951977316
2804023512
5888058927
1595470860
2318071491
6519135681
6556380941
5688720434
6477172986
6195596106
1683338101
6492757834
3264612210
6362647846
2349825235
7456636369
2424581613
5616750278
1619065287
7233098931
6246491050
6940099960
2021905170
5714845996
6507980263
6270331100
6433528481
7080103818
5510574562
1992506327
2476593965
1961747720
2210092840
2072254821
1884765121
2200532130
2418052961
2091505572
6389371464
6067702150
5426484215
3262625242
7024683042
2568482957
2532416744
6926289853
2493770385
6535262448
1896547983
3740166183
3442073292
5335474319
1805687443
2432136990
2728517290
7127887835
3623405385
5846532556
7171177044
6706044537
3969463141
2431070823
1827451047
1861824747
5532161668
6438959923
1932209507
2423498691
1868776041
6434382939
2239458990
6008298246
5592779766
1959533255
1558546511
1642314684
5627699478
7268004250
1427731705
1972882473
3216713574
2620056023
2118578777
1908451973
6348734414
6290209348
2550123865
7460287613
2049035727
3108957674
5758085873
5658458127
1761277564
5718699716
6013029668
1677353640
7332548319
3505721892
2304753155
1710200074
1497673554
6610677270
6027253805
2456699802
3199855204
1576650237
5831590472
6336015433
3837567720
6811209819
5925610020
6812160945
6696223001
6476115334
2620712017
5628239433
2206468783
6657110438
7340819158
6476513552
7124482592
7501608076
5146319813
7053992548
6603968242
2408200974
2711276604
1749727522
1671681053
6505888495
1972287093
6021384139
1913159912
2374637467
2467219462
7016111003
2330432674
6460648732
1736794850
1456416314
1764567994
2122233441
3784020393
1605724347
1135188833
5075005632
2936393200
5638710670
2013046641
6236916454
6505858324
6240384341
1761223180
1660667554
1596787220
2934514264
5340919261
3946034889
5176405834
2170909802
6555330930
2219668814
6479784426
5496848559
2023983335
2836942453
6349222943
1844678765
1594763101
2510278004
1881739304
5597970597
5618121308
2120998457
2696109351
6031675728
6635725244
1401232410
2108828363
2751044354
6008156269
5391469262
1613569821
2095470934
7439860195
7443903390
6586581066
1661281175
5378825407
5980877332
2255834671
1870003305
2283033582
6366357656
7026206416
3179908050
1841277325
5650987405
2680614813
2729934913
2493351067
6153071928
2713212604
1267227024
3924619458
1764582704
2609549171
6273311138
6589944009
1718271065
3831973410
3077367894
3113733707
1855021821
2674747487
2559642100
2271524273
3425732412
2652304225
6589943865
2957960705
2731405742
2366723051
6063097239
1574363680
1653127293
1584773361
5859333272
1971672234
2100940724
7029287119
2461088583
2342106495
2701009300
6607858671
2663181103
5908051275
1295573974
3127537673
5899876484
6185411262
2008366217
1577127874
6578220383
3266054383
2754616377
5141720670
2277838142
5055087514
6179811076
2172409384
6852541272
1567097211
2114081871
6351634641
3223809742
6257292301
5772973662
3602783317
2706866920
5468809055
1670726192
1592692355
6105580972
1871799671
1363071097
2084505595
3193849142
2554272024
6339988029
1835401421
2290805385
2642450283
1726960382
2474579211
3465388642
1211345764
5764672591
6020074840
3548015301
5242730022
5213395184
6387944280
5880607736
1618889094
1792428643
1400831884
6388212042
2194506814
2791879260
1662475182
3230209655
2683447637
3335925882
1235894455
3240726850
5339429928
6115036457
1922268044
3212297491
5544822167
2252689682
1714485820
5893321987
2523730235
2362899310
2505240812
6339810512
2748619551
1954232835
1948556912
2175634363
6469343953
6554386189
2507788061
2655255882
2168517813
5656459253
2168659735
2701135330
2293651534
1949988697
1644678645
2828119244
2262320371
3557865254
2644952894
2528272660
5937936336
5728657893
3217992220
5939192938
1980871827
1687505121
2192480027
1673522482
1639175931
2219522494
2291433015
2132933085
2872300824
3847951671
1979983873
6774988331
2621659415
5386856330
1884640067
1766780711
1199737315
1764591442
6170255379
1893410897
2309515393
5534033849
2820955674
1470407485
1213494361
2111862323
2119584517
2204260377
